      0/99     13.9G   0.08276   0.03007   0.06075    0.1736       348       512 0.0004508    0.1079  0.000187 2.387e-05   0.05301   0.01473   0.04242
      1/99       14G   0.07341   0.03053   0.05665    0.1606       390       512 0.0004769    0.1237   0.00035 5.668e-05   0.05333    0.0145   0.04092
      2/99       14G   0.07171   0.03033    0.0554    0.1574       391       512   0.00439    0.2184  0.004665 0.0007223   0.04954   0.01468   0.04059
      3/99       14G   0.06704   0.03113    0.0551    0.1533       420       512    0.3309    0.1703    0.0239  0.006443   0.04441   0.01557   0.04002
      4/99       14G   0.05967   0.03156   0.05481     0.146       412       512    0.3452    0.2027   0.03837  0.009932   0.04158   0.01517   0.03981
      5/99       14G   0.05578   0.03083   0.05419    0.1408       408       512    0.2849    0.2541   0.06934    0.0216   0.04257   0.01528   0.03936
      6/99       14G   0.05158   0.02865   0.05348    0.1337       374       512    0.3039    0.4677    0.1043   0.04211   0.03587    0.0134   0.03963
      7/99       14G   0.04866   0.02641   0.05229    0.1274       365       512    0.2997    0.3501    0.1038   0.04782   0.03826    0.0136   0.03793
      8/99       14G    0.0459   0.02527   0.05159    0.1228       401       512    0.2408   0.09305   0.01273   0.00467   0.07558   0.01144   0.03864
      9/99       14G   0.04468   0.02421   0.05022    0.1191       374       512    0.3591    0.4315    0.1619   0.08754   0.03223   0.01174   0.03849
     10/99       14G   0.04248   0.02336   0.04871    0.1146       360       512     0.297    0.2392    0.0824   0.03747   0.04007   0.01305   0.03594
     11/99       14G   0.04184   0.02308   0.04684    0.1118       423       512    0.3357    0.4332    0.1504   0.08265   0.03447   0.01122   0.04872
     12/99       14G   0.04096   0.02279   0.04437    0.1081       400       512    0.3791    0.4441    0.2538    0.1512   0.03163   0.01184   0.03205
     13/99       14G   0.04001    0.0219   0.04211     0.104       366       512     0.584    0.3595    0.3212    0.2072   0.02774   0.01044   0.03279
     14/99       14G    0.0396   0.02111   0.04155    0.1023       371       512    0.4211    0.4264    0.2501    0.1526   0.02746   0.01116   0.03981
     15/99       14G   0.03828   0.02092   0.03972   0.09893       378       512    0.3955    0.3723    0.2602    0.1537   0.03313   0.01104   0.03532
     16/99       14G   0.03778   0.02081   0.03971   0.09829       411       512    0.3681    0.2556    0.1625   0.09228   0.03787   0.01395   0.03422
     17/99       14G   0.03634   0.01993   0.03764   0.09391       394       512    0.4271    0.3946    0.2744     0.169   0.03159   0.01152    0.0345
     18/99       14G   0.03731   0.02014    0.0379   0.09535       409       512    0.5428    0.4525    0.3569    0.2217   0.02799   0.01033   0.03122
     19/99       14G   0.03616   0.01938   0.03629   0.09183       378       512    0.3359    0.2978    0.1828    0.1115   0.03254   0.01252   0.04283
     20/99       14G    0.0347   0.01911   0.03575   0.08956       419       512    0.6082    0.3497    0.3585    0.2231   0.02751     0.011   0.02938
     21/99       14G   0.03437   0.01889   0.03582   0.08909       402       512    0.4503    0.4326    0.3827    0.2282   0.02724   0.01014   0.02795
     22/99       14G   0.03365   0.01859   0.03322   0.08546       390       512    0.5996    0.4985    0.5089    0.3341   0.02531  0.008869   0.02649
     23/99       14G   0.03328   0.01802   0.03466   0.08596       399       512    0.6822    0.6194    0.6399    0.4358   0.02024    0.0086   0.02109
     24/99       14G   0.03216   0.01805   0.03224   0.08244       370       512    0.5934    0.5771    0.5859    0.4058   0.01993   0.00795   0.02671
     25/99       14G   0.03125   0.01766   0.03135   0.08026       421       512    0.7111    0.6394    0.6768    0.4675   0.01956  0.007218   0.01952
     26/99       14G   0.03183   0.01757   0.03127   0.08066       377       512      0.72    0.5854    0.6348    0.4528   0.02205  0.007667   0.02369
     27/99       14G   0.03173   0.01739   0.03004   0.07917       391       512    0.6177    0.6089     0.555    0.3832   0.01925  0.008331   0.02576
     28/99       14G   0.03006   0.01712   0.02987   0.07705       390       512    0.7489    0.6909    0.7371    0.5293   0.01874  0.006641   0.01929
     29/99       14G   0.03004   0.01699   0.03011   0.07714       378       512    0.8012    0.7313    0.8029    0.5997   0.01756  0.006693   0.01701
     30/99       14G   0.03068     0.017   0.02912    0.0768       435       512    0.6984    0.5933    0.6207    0.4243   0.02165  0.008024    0.0264
     31/99       14G   0.02954   0.01668    0.0291   0.07532       380       512    0.8461    0.7426    0.8207     0.613   0.01606  0.006642   0.01477
     32/99       14G   0.02816    0.0164   0.02814   0.07271       353       512    0.8008    0.7795    0.8463    0.6509   0.01546  0.006293   0.01392
     33/99       14G   0.02831   0.01613    0.0281   0.07254       415       512    0.7589    0.6826    0.7081    0.5145   0.01762  0.007467   0.01701
     34/99       14G   0.02839   0.01621   0.02839   0.07299       412       512    0.7954    0.7499    0.7883    0.5939   0.01545  0.006132   0.01602
     35/99       14G   0.02792    0.0161   0.02658    0.0706       401       512    0.8676    0.8175    0.8671    0.6736   0.01515  0.005742   0.01188
     36/99       14G   0.02785   0.01576   0.02652   0.07013       416       512    0.8362    0.7521    0.7991    0.5993    0.0163  0.006348   0.01431
     37/99       14G   0.02817   0.01579   0.02593   0.06989       364       512    0.8652    0.7964     0.858    0.6676   0.01504   0.00554   0.01238
     38/99       14G     0.028   0.01557   0.02583   0.06941       393       512    0.7189    0.6619    0.7199    0.5513   0.01626  0.006691   0.01861
     39/99       14G   0.02716   0.01566   0.02561   0.06843       365       512    0.9028     0.828    0.8901    0.6975   0.01464  0.005546   0.01139
     40/99       14G   0.02679   0.01563   0.02513   0.06756       389       512    0.8478    0.8019    0.8582    0.6749   0.01517  0.005821   0.01275
     41/99       14G   0.02664   0.01537   0.02489   0.06689       434       512    0.8198    0.7768     0.819    0.6274   0.01478  0.005685   0.01395
     42/99       14G   0.02726   0.01537   0.02475   0.06737       395       512    0.8691    0.7744    0.8514    0.6575   0.01521  0.006032   0.01287
     43/99       14G   0.02609   0.01501   0.02418   0.06529       410       512    0.8748      0.81     0.874    0.6984   0.01419   0.00536   0.01191
     44/99       14G   0.02596   0.01499   0.02475    0.0657       388       512     0.793    0.7606    0.8359    0.6405   0.01556  0.005865   0.01595
     45/99       14G   0.02575    0.0151   0.02496   0.06581       381       512    0.8521     0.798    0.8573    0.6739   0.01428   0.00553   0.01297
     46/99       14G    0.0256   0.01495   0.02366    0.0642       371       512    0.8596    0.7914    0.8227    0.6441   0.01421  0.005506   0.01307
     47/99       14G   0.02576    0.0146   0.02374    0.0641       406       512    0.8479    0.7814    0.8489    0.6686   0.01446  0.005666   0.01401
     48/99       14G   0.02502   0.01441   0.02355   0.06298       394       512    0.8906    0.8335    0.8924    0.7152   0.01345  0.005199   0.01131
     49/99       14G   0.02555   0.01486   0.02348   0.06389       416       512      0.92    0.8574    0.9004    0.7311   0.01324  0.005018   0.01014
     50/99       14G   0.02495   0.01437   0.02333   0.06265       357       512    0.8419    0.7505    0.8001    0.6167   0.01549  0.006407   0.01361
     51/99       14G   0.02537   0.01469   0.02338   0.06343       404       512    0.8817    0.8136     0.923    0.7352   0.01382  0.005412   0.01238
     52/99       14G   0.02478    0.0143   0.02271   0.06178       380       512     0.888    0.8162    0.8638    0.6702   0.01434  0.005433   0.01167
     53/99       14G   0.02442    0.0144   0.02224   0.06106       358       512    0.8968      0.82     0.879    0.7019   0.01398  0.005343    0.0113
     54/99       14G   0.02483   0.01399   0.02265   0.06148       435       512     0.879    0.8214    0.8788    0.7008   0.01392  0.005506   0.01214
     55/99       14G   0.02393   0.01394   0.02143   0.05931       386       512     0.877     0.774    0.8348    0.6536   0.01458  0.005918   0.01247
     56/99       14G   0.02403   0.01393    0.0211   0.05906       439       512    0.9147    0.8434    0.9238    0.7594   0.01279  0.004953   0.01036
     57/99       14G   0.02351   0.01376   0.02163    0.0589       398       512    0.9474    0.8616    0.9612    0.8014   0.01302  0.004814  0.009649
     58/99       14G   0.02317   0.01385   0.02078    0.0578       383       512      0.95    0.8509    0.8941    0.7287   0.01244  0.004864  0.009704
     59/99       14G   0.02331   0.01362   0.02087   0.05781       396       512    0.9564    0.8603    0.9109     0.756   0.01227  0.004727  0.009457
     60/99       14G   0.02315   0.01358   0.02144   0.05818       400       512     0.923     0.839    0.9086    0.7424   0.01228  0.004883   0.01059
     61/99       14G   0.02295   0.01368   0.02135   0.05798       373       512     0.895    0.8364    0.9027    0.7454   0.01197  0.004683   0.01005
     62/99       14G    0.0228   0.01377   0.01979   0.05635       417       512     0.909    0.8588    0.9575    0.8072   0.01172  0.004704  0.009995
     63/99       14G   0.02255   0.01332   0.02035   0.05621       383       512     0.946    0.8454    0.9049    0.7443   0.01251  0.004772  0.009722
     64/99       14G   0.02274   0.01341   0.02078   0.05693       414       512    0.8741    0.8089    0.9145    0.7525   0.01277  0.005072   0.01217
     65/99       14G   0.02308   0.01333   0.02129   0.05771       395       512    0.9156    0.8379    0.9302    0.7616   0.01293  0.004979   0.01035
     66/99       14G   0.02253   0.01343   0.02134    0.0573       425       512    0.9095    0.8345     0.885    0.7238   0.01241  0.004851   0.01073
     67/99       14G    0.0217   0.01324   0.02085   0.05579       332       512    0.9468    0.8671    0.9481     0.796   0.01136  0.004551  0.009271
     68/99       14G   0.02212   0.01308   0.02054   0.05573       374       512    0.9645    0.8617    0.9466    0.7966   0.01159  0.004625  0.009394
     69/99       14G   0.02161    0.0128   0.02018   0.05458       370       512     0.964    0.8756    0.9536    0.8006   0.01149  0.004563  0.009107
     70/99       14G   0.02192   0.01277   0.01999   0.05468       394       512    0.9665    0.8672    0.9458    0.8013   0.01137   0.00454   0.00905
     71/99       14G   0.02205   0.01297   0.01974   0.05475       374       512    0.9708    0.8726    0.9046    0.7594   0.01172  0.004514   0.00908
     72/99       14G   0.02153    0.0128   0.02005   0.05438       364       512     0.943    0.8618    0.9428    0.7957    0.0113  0.004519  0.009702
     73/99       14G   0.02105   0.01277   0.01979   0.05361       401       512    0.9566    0.8596    0.9519    0.8027   0.01159  0.004553   0.00986
     74/99       14G   0.02121   0.01258   0.01826   0.05204       378       512    0.9717    0.8763    0.9003    0.7611   0.01112  0.004417  0.008995
     75/99       14G   0.02148   0.01266   0.02005   0.05419       410       512    0.9672    0.8718    0.9514    0.8133   0.01104  0.004384  0.009217
     76/99       14G   0.02139   0.01254   0.01938   0.05331       387       512    0.9761    0.8667    0.9054    0.7682   0.01089  0.004305  0.008978
     77/99       14G   0.02109   0.01257   0.01933   0.05299       379       512    0.9625    0.8746    0.9115    0.7744    0.0109  0.004264  0.008873
     78/99       14G   0.02093   0.01244   0.01899   0.05236       365       512    0.9717    0.8818    0.9217    0.7883   0.01066  0.004261  0.008845
     79/99       14G    0.0203   0.01208   0.01882    0.0512       426       512    0.9684    0.8774    0.9171    0.7865   0.01076   0.00427  0.008928
     80/99       14G   0.02057   0.01244   0.01857   0.05159       389       512    0.9625    0.8714    0.9065    0.7658   0.01103    0.0044  0.008939
     81/99       14G   0.02076   0.01227   0.01854   0.05158       384       512    0.9658    0.8791    0.9526    0.8148   0.01065  0.004364  0.008886
     82/99       14G   0.02062   0.01234   0.01809   0.05104       373       512     0.974    0.8765    0.9418    0.8056   0.01083  0.004382  0.008924
     83/99       14G    0.0204   0.01233   0.01866   0.05139       360       512    0.9758    0.8782    0.9451    0.8131    0.0106  0.004336  0.008748
     84/99       14G   0.01971    0.0121   0.01839    0.0502       406       512    0.9689    0.8785    0.9715    0.8405   0.01037   0.00422  0.008833
     85/99       14G   0.02013   0.01221   0.01827    0.0506       396       512    0.9719    0.8756    0.9394    0.8072   0.01043  0.004202  0.008795
     86/99       14G   0.01983    0.0119   0.01825   0.04998       405       512    0.9715    0.8827    0.9225     0.791   0.01029  0.004206  0.008719
     87/99       14G   0.01998   0.01201   0.01788   0.04987       423       512    0.9743    0.8804    0.9574     0.829   0.01017   0.00418  0.008677
     88/99       14G   0.01966   0.01187   0.01827    0.0498       400       512    0.9773    0.8808    0.9028    0.7767   0.01021  0.004121  0.008794
     89/99       14G   0.01962   0.01208   0.01732   0.04901       386       512    0.9785    0.8843    0.9684    0.8454   0.01011  0.004121  0.008719
     90/99       14G   0.01973   0.01178   0.01759    0.0491       394       512    0.9813     0.882     0.942    0.8134   0.01028  0.004096   0.00865
     91/99       14G   0.01952   0.01185   0.01766   0.04903       401       512    0.9782    0.8796    0.9483    0.8262   0.01006  0.004125  0.008715
     92/99       14G   0.01962   0.01176   0.01784   0.04922       404       512    0.9752    0.8826     0.978    0.8534   0.01001  0.004076  0.008634
     93/99       14G   0.01957   0.01185   0.01799   0.04941       406       512    0.9746    0.8821    0.9696    0.8472   0.01009  0.004115  0.008645
     94/99       14G    0.0195   0.01196   0.01703    0.0485       404       512    0.9814    0.8835    0.9755    0.8537  0.009838  0.004002  0.008656
     95/99       14G   0.01953   0.01171   0.01782   0.04906       377       512      0.98    0.8791    0.9846    0.8604   0.00997  0.004127  0.008671
     96/99       14G   0.01933   0.01189   0.01699    0.0482       434       512    0.9803    0.8855    0.9649    0.8389   0.01016  0.004234  0.008604
     97/99       14G   0.01917   0.01155   0.01784   0.04856       396       512    0.9777    0.8865    0.9562    0.8373  0.009796  0.004129  0.008687
     98/99       14G   0.01958   0.01182   0.01825   0.04965       398       512    0.9753     0.883    0.9793    0.8557   0.01009  0.004041  0.008675
     99/99       14G   0.01891   0.01154   0.01764   0.04809       388       512    0.9824    0.8841    0.9821    0.8638  0.009907  0.004001    0.0086
