      0/99     8.76G   0.07973   0.02691   0.05833     0.165       218       416 0.0003601    0.1232 0.0002764 3.614e-05    0.0686   0.01167   0.05445
      1/99     10.4G   0.07032   0.02771     0.052      0.15       217       416  0.002172  0.007532 0.0006995 0.0001014   0.06687   0.01181   0.05331
      2/99     10.4G   0.06919   0.02731   0.05073    0.1472       210       416    0.3043   0.03294  0.007035  0.001191   0.06366   0.01224   0.05283
      3/99     10.4G   0.06438   0.02883    0.0477    0.1409       236       416   0.02725     0.294   0.03106  0.006165   0.06208   0.01323   0.05591
      4/99     10.4G   0.05857   0.02926   0.04289    0.1307       215       416   0.03626    0.3505   0.03501  0.008188   0.05741   0.01567   0.05694
      5/99     10.4G   0.05216   0.02995   0.04068    0.1228       216       416    0.1583     0.213   0.09973   0.03506   0.05664   0.01548   0.05088
      6/99     10.4G   0.04916   0.02859   0.03912    0.1169       201       416    0.6014   0.08299   0.05176   0.02269   0.05527   0.01297   0.06135
      7/99     10.4G     0.046   0.02643   0.03775    0.1102       205       416      0.72    0.0137  0.003127 0.0007099   0.05835   0.01501   0.09426
      8/99     10.4G   0.04405   0.02494   0.03616    0.1051       222       416    0.2644    0.2866    0.2082    0.1065    0.0483    0.0111   0.04845
      9/99     10.4G    0.0431   0.02324   0.03549    0.1018       218       416    0.7961   0.08558   0.07215   0.02604   0.05877   0.01156   0.06501
     10/99     10.4G   0.04017    0.0221   0.03466   0.09694       219       416    0.5527     0.346    0.3068     0.171   0.04171  0.009173   0.05048
     11/99     10.4G    0.0392   0.02055   0.03227   0.09201       230       416     0.684    0.2192    0.2428    0.1274   0.04238  0.009313   0.06159
     12/99     10.4G   0.03765   0.01975   0.03182   0.08922       208       416    0.2384    0.5081    0.3654    0.2209    0.0418  0.009442   0.04256
     13/99     10.4G   0.03559   0.01886   0.03191   0.08636       205       416    0.2144    0.5372    0.2424    0.1389   0.04083  0.009859   0.04311
     14/99     10.4G   0.03534   0.01822   0.02986   0.08342       216       416    0.2203    0.5143    0.3543    0.2229   0.04126  0.009334   0.04765
     15/99     10.4G   0.03439   0.01801   0.02889   0.08129       203       416     0.423    0.2219    0.1734   0.09276   0.04118   0.01036   0.04859
     16/99     10.4G   0.03272   0.01761   0.02915   0.07948       216       416    0.1419    0.2938    0.1593   0.08779   0.04058   0.01026   0.06392
     17/99     10.4G   0.03277   0.01741   0.02779   0.07797       196       416    0.2414    0.2835    0.2134    0.1043   0.04842  0.009805   0.04941
     18/99     10.4G   0.03123   0.01719   0.02853   0.07695       229       416    0.2913     0.433    0.3465    0.2021   0.04141  0.008457   0.04211
     19/99     10.4G   0.03102   0.01662    0.0268   0.07445       238       416    0.3219    0.2967    0.2575    0.1583   0.04093  0.008974   0.06304
     20/99     10.4G   0.03046   0.01615    0.0266   0.07322       234       416    0.4485    0.5394    0.4661    0.2751   0.03584    0.0089   0.04158
     21/99     10.4G   0.02959   0.01585   0.02597    0.0714       220       416     0.213    0.6233     0.298    0.1785   0.03809  0.007116   0.04187
     22/99     10.4G   0.02875   0.01541    0.0252   0.06936       241       416    0.5096    0.6319    0.5834    0.3698   0.03647  0.007036   0.03585
     23/99     10.4G   0.02766   0.01543   0.02419   0.06729       196       416    0.5389    0.6149    0.5649    0.3616   0.04098  0.006878   0.04215
     24/99     10.4G   0.02775   0.01545   0.02484   0.06804       239       416    0.4095    0.4748    0.4084    0.2569   0.03931  0.006582   0.04039
     25/99     10.4G   0.02724   0.01493   0.02441   0.06658       227       416    0.5436    0.7193    0.6153    0.4103   0.03337  0.006208   0.03674
     26/99     10.4G   0.02721   0.01503   0.02405   0.06629       186       416    0.6472    0.6609    0.6853    0.4497   0.03243  0.005942   0.02291
     27/99     10.4G    0.0266   0.01524    0.0236   0.06544       230       416    0.5394    0.5635     0.548    0.3717   0.03368  0.007018   0.03479
     28/99     10.4G   0.02659   0.01438   0.02229   0.06325       202       416     0.508    0.5112    0.5093    0.3147   0.03802  0.006231   0.02952
     29/99     10.4G   0.02617   0.01436   0.02341   0.06394       206       416    0.4972    0.6202    0.5449    0.3551   0.03151  0.006764   0.02673
     30/99     10.4G   0.02579   0.01458   0.02407   0.06443       241       416    0.5385    0.6627    0.6066    0.4103   0.03048  0.006029   0.02839
     31/99     10.4G   0.02524    0.0142   0.02273   0.06217       233       416    0.5405    0.5576    0.5288    0.3671   0.02904  0.005996    0.0351
     32/99     10.4G   0.02505    0.0143   0.02206    0.0614       221       416    0.5121    0.6459    0.6319    0.4462   0.02644   0.00569   0.03157
     33/99     10.4G   0.02466   0.01414   0.02214   0.06095       185       416    0.5665    0.5236    0.5785    0.3958   0.03155  0.006595   0.03589
     34/99     10.4G   0.02477   0.01373   0.02236   0.06086       214       416    0.5601    0.6162    0.6074    0.4151   0.03071  0.006452   0.04335
     35/99     10.4G   0.02443   0.01354   0.02191   0.05988       213       416    0.6412    0.6403    0.6984    0.4902   0.03387  0.005792   0.04248
     36/99     10.4G    0.0245   0.01366   0.02208   0.06023       248       416    0.4909    0.5818    0.5153    0.3407   0.03422   0.00669   0.04447
     37/99     10.4G   0.02424   0.01376    0.0214    0.0594       226       416    0.6698    0.7039    0.7259    0.5237   0.03213  0.005456   0.03019
     38/99     10.4G   0.02377   0.01343    0.0205    0.0577       271       416     0.637    0.7257    0.7476    0.5699   0.02931  0.005196   0.04348
     39/99     10.4G   0.02384   0.01309   0.02066   0.05759       202       416    0.5088    0.6664    0.6465    0.4185   0.02865  0.006251   0.03645
     40/99     10.4G   0.02319   0.01279   0.02062    0.0566       236       416    0.6191    0.7964    0.7918    0.5815   0.02631  0.005095   0.04194
     41/99     10.4G    0.0235   0.01288   0.02019   0.05656       207       416    0.6571     0.806    0.7699     0.565   0.02808  0.005142   0.03212
     42/99     10.4G   0.02355   0.01297   0.02103   0.05754       239       416    0.4778    0.6032    0.6184    0.4263    0.0278  0.005765   0.02646
     43/99     10.4G   0.02352     0.013   0.02003   0.05656       219       416    0.6708    0.7723    0.7907    0.5588   0.02931   0.00505   0.02798
     44/99     10.4G   0.02273   0.01269   0.01929   0.05471       217       416    0.6674    0.8031    0.8097    0.6256   0.02822  0.004708   0.02305
     45/99     10.4G   0.02253   0.01254   0.01967   0.05474       201       416    0.7405    0.7181    0.7862    0.5904   0.02821  0.004965   0.03219
     46/99     10.4G   0.02267    0.0125   0.01964    0.0548       233       416    0.6267    0.7178    0.7333     0.537   0.02743  0.005266   0.03088
     47/99     10.4G   0.02189   0.01249   0.01987   0.05425       217       416    0.6976    0.7287    0.7754    0.5961   0.02717  0.004613   0.03284
     48/99     10.4G   0.02187   0.01226   0.01982   0.05394       228       416     0.719    0.5094    0.5574    0.4019   0.02673  0.005398    0.0393
     49/99     10.4G   0.02162   0.01254   0.01884     0.053       215       416    0.5455    0.6336    0.6207    0.4684   0.02614  0.005256    0.0356
     50/99     10.4G   0.02171   0.01211   0.01896   0.05278       230       416    0.6587     0.734    0.7322     0.493   0.03123  0.005493     0.045
     51/99     10.4G   0.02169    0.0121    0.0184    0.0522       206       416    0.6816    0.7054    0.7289    0.5583   0.02875  0.004985   0.02825
     52/99     10.4G    0.0214   0.01203   0.01833   0.05176       229       416    0.6373    0.7828    0.7752    0.5723   0.02788  0.005251   0.03425
     53/99     10.4G   0.02084   0.01207   0.01819    0.0511       203       416    0.7439    0.7912    0.8444    0.6612   0.02515  0.004499   0.02607
     54/99     10.4G   0.02079    0.0117   0.01803   0.05052       231       416    0.5668    0.6391    0.6796    0.5115   0.02709  0.005125    0.0393
     55/99     10.4G   0.02069   0.01195    0.0181   0.05074       194       416    0.8182    0.7193    0.8499    0.5962   0.02746  0.005449   0.03162
     56/99     10.4G    0.0207   0.01174   0.01802   0.05046       244       416    0.7109    0.7766    0.8119    0.6103   0.02596  0.004708   0.02516
     57/99     10.4G   0.02031   0.01167   0.01831   0.05029       223       416    0.7004    0.7677     0.753     0.582   0.02558  0.004241   0.02706
     58/99     10.4G   0.02063   0.01164   0.01736   0.04963       213       416    0.7222    0.7561    0.8017     0.604   0.02713  0.004521   0.02599
     59/99     10.4G   0.02035   0.01155   0.01746   0.04935       212       416     0.702    0.7797    0.8186    0.6409   0.02356  0.004458   0.04022
     60/99     10.4G   0.02048   0.01155   0.01757   0.04959       222       416    0.7822    0.7706     0.859    0.6766   0.02385  0.004358   0.03531
     61/99     10.4G   0.01958   0.01146   0.01761   0.04865       274       416    0.7759    0.7974    0.8459    0.6548    0.0249  0.004519   0.02928
     62/99     10.4G   0.01959   0.01147   0.01747   0.04853       237       416    0.7719    0.7955    0.8447    0.6322   0.02467  0.004603   0.02368
     63/99     10.4G   0.01973   0.01157   0.01699    0.0483       237       416    0.6762     0.727     0.781    0.5766   0.02763  0.005096   0.03163
     64/99     10.4G   0.01922   0.01105   0.01634   0.04662       199       416    0.7872    0.7649    0.8493    0.6554   0.02668  0.004308    0.0248
     65/99     10.4G   0.01958   0.01129   0.01763    0.0485       242       416    0.8282    0.8264    0.8812    0.6969    0.0246  0.004166   0.02448
     66/99     10.4G   0.01948   0.01118   0.01661   0.04727       206       416    0.7745    0.7848    0.8174    0.6407   0.02571  0.004387   0.02239
     67/99     10.4G   0.01871   0.01105   0.01634   0.04611       212       416    0.7637    0.8238    0.8634    0.6843   0.02374  0.003917   0.02184
     68/99     10.4G   0.01892   0.01114   0.01646   0.04653       219       416    0.8477    0.8404     0.902    0.7132   0.02365  0.004227    0.0209
     69/99     10.4G    0.0191   0.01114   0.01741   0.04765       231       416    0.7342    0.7421    0.7983    0.6084   0.02712  0.004394    0.0228
     70/99     10.4G   0.01909    0.0109   0.01607   0.04606       212       416    0.8142    0.7776    0.8769    0.6806   0.02408  0.004271   0.02998
     71/99     10.4G   0.01798   0.01078   0.01584   0.04459       203       416    0.8637    0.8455    0.9008    0.7155   0.02448     0.004   0.02205
     72/99     10.4G   0.01863   0.01074   0.01568   0.04505       240       416    0.8716    0.8177    0.8889    0.6926   0.02597  0.003979   0.02066
     73/99     10.4G   0.01836   0.01078   0.01583   0.04497       231       416    0.7263    0.8595    0.8649    0.6919   0.02083  0.003892   0.02105
     74/99     10.4G   0.01811   0.01062   0.01669   0.04541       229       416    0.8215    0.8428    0.8753    0.6669   0.02289  0.004439   0.02009
     75/99     10.4G   0.01881   0.01077   0.01596   0.04554       207       416    0.7477     0.819    0.8473    0.6666   0.02482  0.004259   0.03461
     76/99     10.4G   0.01867   0.01067    0.0158   0.04514       209       416    0.8157    0.8405    0.8789    0.6952   0.02526  0.004123   0.02327
     77/99     10.4G   0.01799   0.01053   0.01592   0.04444       226       416    0.8175    0.8158    0.8867    0.7005   0.02367  0.004035   0.02603
     78/99     10.4G   0.01773   0.01047   0.01616   0.04437       226       416    0.8282     0.833    0.8849    0.6927   0.02431  0.004067   0.01985
     79/99     10.4G   0.01775   0.01061   0.01568   0.04404       222       416    0.8622    0.7899     0.872    0.6804    0.0242  0.004293   0.02674
     80/99     10.4G   0.01793   0.01055   0.01566   0.04415       210       416    0.8222     0.834    0.8922    0.6959   0.02178  0.004095   0.02298
     81/99     10.4G   0.01752   0.01049   0.01524   0.04325       201       416    0.8103    0.8113    0.8748    0.6943   0.02395  0.004106   0.02384
     82/99     10.4G   0.01749    0.0105    0.0152   0.04319       207       416    0.8156    0.8455     0.905    0.7243   0.02397  0.003985   0.02113
     83/99     10.4G   0.01778   0.01024   0.01519    0.0432       212       416    0.8413     0.852    0.9153    0.7443   0.02141  0.003852   0.02159
     84/99     10.4G   0.01761    0.0105   0.01536   0.04346       225       416    0.8769    0.8251    0.9019    0.7224   0.02113  0.003949   0.02735
     85/99     10.4G   0.01747   0.01033   0.01522   0.04302       223       416    0.8633    0.8771    0.9215    0.7389   0.02424  0.003895   0.02533
     86/99     10.4G   0.01695   0.01013   0.01524   0.04232       237       416    0.8292    0.8127    0.8965    0.7129    0.0234  0.003964    0.0273
     87/99     10.4G   0.01756   0.01017   0.01509   0.04282       220       416    0.8552    0.8598    0.9113     0.734   0.02239  0.003973   0.02108
     88/99     10.4G   0.01652   0.01021   0.01456   0.04128       230       416    0.8445     0.865    0.9103    0.7246   0.02158  0.003876   0.03426
     89/99     10.4G   0.01705   0.01029   0.01385   0.04119       239       416    0.8385    0.8457    0.8787    0.7063   0.02428  0.004068   0.03669
     90/99     10.4G   0.01734   0.01018   0.01442   0.04194       212       416    0.8382    0.8082    0.8942    0.7179   0.02566  0.003902    0.0336
     91/99     10.4G    0.0162  0.009888    0.0143   0.04038       220       416    0.8691    0.8652    0.9143    0.7394   0.02329  0.003786   0.02335
     92/99     10.4G   0.01675  0.009948   0.01468   0.04138       230       416    0.8481    0.8472     0.908    0.7445   0.02331  0.003724   0.02802
     93/99     10.4G   0.01621   0.01015   0.01436   0.04071       243       416    0.8022     0.863    0.9075    0.7268   0.02277  0.003905   0.03084
     94/99     10.4G   0.01678  0.009956   0.01463   0.04137       216       416    0.7855    0.8766    0.8951    0.7307   0.02221  0.003721   0.02805
     95/99     10.4G   0.01641  0.009881   0.01481    0.0411       217       416     0.871    0.8089    0.8962    0.7296   0.02154  0.003787   0.02958
     96/99     10.4G   0.01624  0.009899   0.01475   0.04089       211       416    0.7816    0.8562    0.8861    0.7191   0.02115  0.003804   0.03622
     97/99     10.4G    0.0167  0.009869    0.0147   0.04127       193       416    0.8722    0.8291    0.9121    0.7444   0.02271  0.003687   0.03067
     98/99     10.4G   0.01647   0.01008   0.01418   0.04073       226       416    0.8991    0.8387    0.9284    0.7608    0.0234  0.003744   0.03203
     99/99     10.4G   0.01675  0.009772   0.01443   0.04096       227       416    0.8894    0.8368    0.9128     0.744   0.02317  0.003821   0.02947
